730431
42302316
38122504
50858891
56293761
5249522
37246240
42299454
50947320
26798035
51342040
2019974
2006675
726106
727815
730380
55227571
44342148
4965981
731854
4965922
5318902
732010
2018003
37242798
1999598
2014013
730387
36935143
51353876
717113
5372704
50858614
4960914
56023438
57522194
54806803
5249498
5432917
33473679
36919291
56813803
5416610
2074872
2000714
47778944
57522202
1999746
731858
36934987
55462863
2019975
33473660
51091340
17526886
51091602
727835
50858694
36934758
33430179
5003793
36935253
37260508
37260494
50975572
50975692
26481229
32767443
556342
5003796
56022467
42302326
53822288
9388975
730395
56292888
51060659
5249507
5249519
5160477
5003831
36867737
5425439
33430202
36935271
54802559
728280
169736
727817
2058399
717109
26594457
33430229
41111170
5112868
33301679
5112819
2013998
727822
50967781
50859232
56023050
55231910
33473683
33420855
36934705
51353885
33473646
171918
5318972
54537779
26797986
4965989
721694
721690
17928781
54047625
54047823
55628158
55139551
2000631
50859369
2074886
737234
171920
2012140
720530
8299865
2034367
50975375
50954054
54392743
721580
171055
728853
171052
21511857
2014009
2018490
51064220
5416559
51079239
33305217
51068901
33473636
54802578
55463599
715385
717108
731859
54262798
36919013
5416580
1999609
26664553
5318906
2004243
727812
17526904
5567083
55140560
51061124
2004249
41120885
37253364
171057
33473667
51064288
ids.txt
169750
33473644
50967588
56292877
42302332
51086539
55297215
54514556
50949123
5112919
37249064
55034185
26797817
5318899
5318907
55040642
1999590
1999747
55493712
51087050
5305055
2004194
55292853
721681
8901984
2058387
54145843
50860478
55161218
728933
2670988
720536
57522200
55263304
54513409
56294724
56294717
1999753
56294359
2074889
2004197
728844
12983652
2007999
54802583
44287784
42029405
44704954
41664236
8464117
3873422
3826554
55230745
55140902
26798101
51342029
728852
1969368
42098802
2019186
42037936
737237
33473641
54802577
721696
2004196
2013989
22202927
737218
54802564
2034363
5112915
721692
42302310
21511854
33473637
41119173
5498084
17526907
9016211
720437
56310334
41119312
732961
169761
33473677
57522193
717666
51088869
726108
55230986
5318913
5003810
55627027
5498168
55030870
57522196
1999592
5577889
1999742
54423882
57522197
54806806
1999745
721675
56035712
2074883
33301673
727820
55498083
56814272
55167711
36919111
54853879
51063538
33475042
26593372
726058
171919
5249510
53939225
730429
21342475
37259043
54806820
57289339
6821205
55780197
5318901
53800983
57522195
35437657
2013996
2013984
50948236
5318924
171252
725440
36934796
5372706
5372710
5425444
51090659
1999588
53939909
1999750
729608
729963
731214
1999748
54042388
725436
726052
51342032
33997686
36934425
50951535
51077840
720485
720529
720489
54353902
54534764
1999744
26797633
37251042
33420836
33473645
33473648
716819
2013991
2014000
37485682
50976290
51353886
50976162
716815
5425423
49382522
21511863
33475050
5372699
2076519
54853878
37268539
41117968
2000702
54356906
5112796
169758
54394230
56805354
56805356
53807367
54279147
2058401
50953276
50954391
1999595
1999743
33420851
36934351
50949236
55113540
2013834
33473680

